4479
54
9075
9698
2174
5649
2939
893
7280
9318
1745
6287
7551
3147
4663
6428
7397
3295
6804
1062
5568
8561
9403
7525
1291
8787
3501
6010
4550
1505
3479
5142
4421
1738
49
7269
7308
2917
8283
8271
5731
9551
3747
6483
547
1695
4830
2354
1492
7311
7600
4695
5796
6253
8468
4883
2904
9994
3565
3301
2177
1043
4456
9434
7358
9228
8673
3374
9109
3640
9456
6932
1062
8821
5520
4421
7280
9229
229
4014
916
6817
5833
1526
1780
2682
9748
2946
7591
498
9373
5397
5239
4035
5886
9520
4749
8067
8884
6317
2002
6029
4335
261
2836
4471
2904
1557
3640
8438
2886
6894
3804
2533
1533
5241
9358
1886
2384
3375
5739
503
8766
7521
748
1735
8833
4035
5952
8194
4288
9001
7030
3435
165
608
6606
1380
4753
4338
5070
7073
1123
2599
8482
3192
1639
9868
2037
5432
1738
6035
1348
5754
9247
3212
1391
6405
3607
257
6024
4472
7128
1555
2114
2960
3435
4395
2590
7776
9861
7930
4431
3970
868
5095
3394
1043
7904
3644
8122
5244
258
1939
5313
8607
3843
1360
5987
8104
7776
3101
1846
1120
7922
1319
6941
89
2354
2886
6397
202
608
5810
1198
2129
1601
9994
8088
1852
616
6783
804
7102
1727
9745
3369
6501
4131
2434
9381
5575
4442
5833
260
5385
8562
3804
7090
7623
2766
639
4977
7080
1358
722
1633
6925
4519
3096
2533
9660
4576
2398
2356
2141
5828
8883
2397
3771
1895
1062
7132
7772
8607
8444
3879
7699
3613
886
9439
5627
1085
2651
6515
1735
4399
3440
194
1001
5036
8557
2080
9657
2409
3504
6029
5739
6292
4099
1237
1439
8077
9358
9237
167
4270
4231
5507
442
5151
1730
9373
3844
165
6986
2114
6875
1299
3494
1085
8522
5714
7933
3982
4922
6096
9075
2876
8815
7361
4338
639
6726
4829
1248
1970
7996
4576
6080
9247
1930
683
9330
3232
3211
7682
1941
665
8422
661
8422
2009
5455
1458
9029
4616
9358
9766
257
616
8364
9099
3470
2101
7827
7933
2901
3274
8026
1360
5404
7723
9897
5023
8259
1646
2209
3205
5172
9694
7078
779
4371
9973
9230
9994
4456
9961
257
5620
4829
1851
5575
113
5937
5933
3004
818
49
1447
2761
2643
5899
9244
7371
2760
8052
4041
6503
1078
3277
4033
1806
8120
1555
6100
7953
542
9733
2002
4587
70
3846
2876
3538
3363
114
6686
8860
8187
3279
6323
6857
2701
8300
6894
745
7003
4371
1412
1237
4865
5872
3891
5503
744
219
9330
9766
9306
9225
7930
5138
5674
4418
5813
8283
4246
114
3434
9203
1384
3905
3796
7893
7074
6321
892
3279
1876
1738
9170
3326
257
4380
2093
3274
7889
7676
709
4545
2793
1857
7409
1299
7683
2917
8626
5308
1876
1014
9326
8717
7323
2356
5942
2207
7649
6179
883
6261
8314
4049
404
4352
3311
3211
4483
8307
9453
6226
3609
6179
3891
7269
7642
5756
6244
5620
5278
985
9225
689
6644
8818
8598
9453
7032
1676
962
5739
5627
8866
3326
5109
4956
1776
6173
748
2561
1090
8970
7723
7904
1676
8931
9594
8254
7434
1505
6561
9412
8925
1044
8122
1598
7228
7904
7661
2811
3517
9053
9878
1012
5112
2240
8812
8186
9994
5152
2080
5441
8384
5716
1360
1076
3119
8064
2699
8597
3328
7891
159
9860
3369
5582
2560
4483
9731
745
6804
182
7781
1056
5280
2579
4773
4675
6347
7904
6597
251
6899
3844
3914
3074
9594
7947
8510
6925
6397
6481
7682
1676
9961
9487
70
6868
319
6118
1194
8557
4814
4371
2296
99
7826
2273
2774
4663
9381
9379
5896
1779
2398
3944
7128
138
1071
7
6012
8120
7680
3212
7003
9538
6298
5450
2840
8257
5070
2952
7323
9802
7682
4590
2207
5142
4014
4426
5552
6478
202
7327
2574
2599
9373
7830
547
6762
2126
6287
4652
3710
4535
4536
2263
1251
5731
8422
4612
2583
2835
3812
6100
8422
8950
3326
983
9455
6118
7391
2905
6096
1339
5095
165
6298
6720
6
387
9453
5739
158
9979
7408
1778
6925
2273
1936
737
6606
2354
7753
7305
7104
1277
1776
2207
3607
2548
2651
5503
7051
3279
5739
1338
7106
2114
7693
3968
5132
6386
9699
3590
1388
1362
6744
8399
3914
3524
4348
6819
2956
5895
4916
6273
2709
447
6783
1021
3968
7090
6615
2114
2103
8627
5405
5985
6808
8884
6640
804
7677
4202
1476
1643
6174
8871
1806
3893
9318
3680
429
3804
4190
1160
5101
9206
933
5088
7649
6821
2434
5491
4033
5315
5582
6831
5404
5937
8561
1917
4383
5128
9628
4652
7183
4031
7694
2886
8234
6941
6386
7311
4508
4431
7299
420
8817
9955
2835
2651
6799
8275
8064
8562
9135
4295
3590
1680
60
8717
5023
4691
5212
1729
1618
5105
894
5731
5385
1343
2546
9878
3279
2475
447
4916
5566
9925
5681
6550
1618
1358
4476
1067
2081
3147
9260
2104
9110
7790
2968
1291
5441
8561
2811
3491
2037
8861
4009
1852
6978
2103
7438
7074
6100
2960
8510
8104
9422
261
8094
7739
4205
8422
9779
4616
9696
8978
2397
4325
5810
3844
7590
1343
5178
4471
9986
7374
6418
6470
4426
4145
1248
371
9042
3680
7280
9966
6785
7156
8364
6817
7880
113
3169
3537
3944
1786
8817
1727
9358
5690
9461
6024
5208
7030
3240
48
1680
5917
2546
745
5064
2366
5128
5690
5853
420
3759
2434
5985
6148
5115
4663
8580
960
1622
5404
9868
2919
1729
8603
719
8067
4320
8384
4838
4270
8510
8759
2770
3696
661
2865
1857
7032
9301
7081
4444
983
6213
8271
8316
9229
6904
9826
5112
9955
1475
6405
7682
2475
7939
5308
5432
742
1271
5949
2923
9973
5142
886
4096
6169
3678
6244
7895
3944
5521
1276
4472
9347
7358
70
3794
9779
663
9748
2434
6799
400
5282
687
4922
1414
4829
2770
665
7006
9762
2052
4000
2637
4519
6889
2632
6242
1228
5296
9377
1277
2384
9503
2767
7280
3785
2787
7917
6627
6548
7709
2770
6982
5404
7323
5244
6108
735
5416
9566
7187
6235
3914
2103
6242
148
5000
5740
4768
8364
2425
1056
496
8637
7699
8422
4663
89
6470
2414
4888
9246
4764
7248
7213
6575
4990
6598
2037
7189
886
1100
5142
7939
2884
4535
9330
2475
3081
5170
8405
5853
745
5554
420
1132
28
2905
7866
2917
7975
5716
7051
2339
241
5716
9403
3982
4383
3474
4548
5612
1753
261
1132
5373
5447
1499
3785
5211
2787
2851
8809
6751
5602
3806
2434
3835
4031
959
251
1753
258
9719
2919
4816
2873
2246
2049
4303
4829
6688
1655
698
9451
7776
9383
3201
2851
8292
3234
7865
4830
7297
2230
7676
1020
5890
1412
1333
9315
8420
6239
3614
2837
9861
6045
8807
9246
7030
1089
8000
2246
7823
1588
325
2568
9745
1833
1778
1241
5176
9747
5993
7644
1478
7772
9244
1668
6819
442
7050
7658
2397
70
3537
6799
7831
4352
2566
2548
886
9861
9262
2917
4442
6808
7563
1286
8422
1426
7934
4327
6552
9424
7210
4457
5943
8558
2865
261
5745
9973
9331
3062
8104
6609
9306
8950
2296
1682
1575
8000
4485
6019
5768
7723
4143
1984
1299
1970
2527
1087
1357
3066
1650
1660
5138
3087
9330
7318
2548
7642
1695
1645
5930
1416
9377
2529
5299
9731
5447
6483
6323
6736
8808
9434
7051
3542
2613
4368
3063
3553
2701
20
6999
2599
7867
1633
6627
8884
2832
8618
828
7360
9594
4498
2548
4937
1567
5810
8364
5756
2305
5637
9790
2366
7723
4218
639
962
3678
1082
7865
8355
2325
7934
1599
7210
5299
334
9056
9788
9305
8283
9876
6471
5000
9698
2475
7128
9102
5771
9099
745
5455
114
9284
1745
4644
933
8654
4720
6579
4218
5100
4857
7521
2923
5987
6108
7823
2873
1248
9377
169
5455
7880
6606
6818
8611
8419
551
6242
7269
2952
1660
2566
1100
7723
8008
9878
7708
1887
5930
745
2240
8733
1380
8344
8637
2040
4753
4395
4476
7164
8920
9100
1090
5487
3160
1194
2613
3210
4840
1040
8234
7469
5552
4395
616
202
2747
9049
3446
2310
5142
1602
3964
9273
5828
138
5884
758
2540
4383
8292
5142
821
8866
4986
3785
1947
2527
553
8654
9292
1618
1343
319
4009
7385
3328
4000
5674
258
3016
2673
7563
1277
6688
1014
7175
4519
5933
690
8871
985
2582
2040
1762
2384
2230
745
5477
496
4271
7344
8891
1713
334
3147
8077
8422
8978
2836
6226
9358
8008
1360
3057
1169
753
4814
6921
2825
6100
5952
7525
8476
3147
2548
2765
2946
1857
4550
8942
6149
6932
2760
1916
4616
1447
4576
7797
9841
5706
5648
113
5745
7563
4099
8504
2514
8370
5394
7995
547
8344
3328
3904
6189
3835
7380
4295
8444
4325
7826
8257
1030
8891
1360
9876
2956
2473
3970
1169
8468
5109
9383
4218
6197
3389
2802
5810
6694
5142
2643
5716
4562
2774
5706
8063
7311
5112
3328
1099
1374
4612
6010
639
6051
4830
9492
3479
4587
4371
3279
7434
8607
4174
8344
8604
3711
818
6936
9695
9861
3368
6744
748
7210
1876
7658
1306
7374
4907
3607
1195
5169
3074
5575
1271
1348
6967
7228
9455
9898
6819
8120
2265
5112
5266
9657
9748
4669
8091
7693
3060
6609
7800
9519
8821
7451
476
8292
6
7006
8422
219
4535
1428
2583
1348
6470
5674
5552
8088
2529
2101
4131
5239
1660
1680
2240
9032
4000
6503
7228
5241
6726
5000
5146
8970
9955
5937
1598
9748
1898
5498
1040
3804
9779
3807
2504
9961
8817
2470
4270
2101
5629
8950
6306
5969
6386
2356
4196
6857
2180
9246
7311
5930
2582
2433
2868
7572
1241
4720
7774
7661
1060
2574
1582
1397
2177
5441
9695
1324
2037
2141
9897
8866
8597
753
567
7175
8626
4888
2560
7073
8861
8673
5450
6698
8422
5649
70
8792
7212
9731
4174
4724
8821
255
2240
2430
2473
7933
5938
4536
7434
7676
8866
380
6889
7318
9260
9075
7451
8819
1384
9767
7200
2366
8107
1397
9898
6818
748
1994
9141
8498
2952
7438
2767
9471
5477
7128
4684
886
6088
2696
8283
9699
4288
8808
9979
4035
4483
3232
4374
1043
7699
4663
2114
8732
9955
3060
7865
1269
5313
8908
5409
2433
1650
1143
404
4421
7939
8580
3772
737
2049
60
4033
9456
2265
1895
3449
8283
8822
3759
2493
5731
536
661
3107
3772
3470
4368
260
6032
6045
3646
1098
1333
4031
7308
3147
4748
3978
3504
4269
6831
5493
3299
4232
8104
745
9593
7156
8542
3244
8292
6857
9054
8861
8266
7151
8164
1499
4288
3601
2366
9373
2643
6994
9110
169
2104
8122
6306
8908
7469
1778
3240
5190
870
2093
3609
1069
7210
7280
1333
429
3369
4691
2637
7156
2706
8182
5721
7797
9306
4109
165
680
2504
8671
28
7986
4379
8120
7379
2015
8275
2760
2439
3596
9331
2870
8970
9151
8895
2561
1179
4915
824
6751
9358
241
1457
179
7736
22
2435
4916
4131
7187
7917
5497
4374
4724
4479
4868
3099
2616
2209
6982
6677
5876
6503
5648
6051
4647
4472
5296
7230
9456
6824
1980
2751
741
9110
7682
6405
2975
2643
3804
2366
6148
2760
2597
8122
1947
5373
3169
4431
7774
4926
7889
2375
5221
2666
5917
1917
6321
9076
5000
4049
2682
4483
5943
5113
1458
4486
2266
885
7661
4990
6799
6386
6982
5280
2091
2273
2765
7720
7030
3244
6189
5447
8149
5943
2029
7421
9973
4383
3428
3446
3757
7880
8186
634
255
5450
1071
7551
1447
3062
6481
8861
3601
6100
1676
3081
7682
6148
5938
7556
6189
5385
1682
8954
3524
5142
2873
4590
9925
2514
8363
380
6677
8597
4522
2114
6477
8611
4049
9243
4814
3893
3678
5036
8464
9748
4123
6029
6262
6492
701
1289
4288
6597
6785
7003
162
5790
110
9187
8653
1312
6591
4338
9681
5223
824
3614
9666
8259
114
1289
3279
3696
3062
3446
6298
2917
5061
7056
3154
7917
6808
3099
9076
3702
1457
7108
4521
8904
2177
2155
1086
7409
8142
3063
5000
1658
8142
2473
8420
8124
5768
1600
281
5945
6189
6428
6113
5706
698
7918
8162
6409
3918
1099
9660
6640
6691
111
9482
5969
2851
1071
1426
6306
7074
641
3640
6171
1269
7257
5112
4669
6797
9230
9315
8792
616
6051
7866
2129
1499
6173
9318
4123
8664
3326
7074
6010
3449
2398
4418
2384
4663
5903
2814
8452
3501
2905
5869
3016
894
4517
3702
6253
5277
8815
3982
4174
9102
9860
641
9282
9100
4422
8345
1762
7374
1143
9979
2288
6640
6213
5441
3918
5637
7290
7997
9039
9671
4218
7469
7563
9510
3766
3711
6948
7104
893
496
6113
6321
6586
2215
4466
7642
5088
9973
7408
5945
639
3326
6091
1307
6640
9306
7771
4362
2002
4675
113
9451
5945
4062
3759
6501
9671
2339
3640
6894
2801
7006
3099
582
2760
3383
9551
5853
9456
9439
5993
6808
6287
6688
8363
5071
7764
3328
4041
4440
4590
6932
4625
3601
4314
7986
4701
3428
3904
824
7450
735
4938
3607
9328
4471
9493
7446
138
79
9059
1114
2673
8562
8691
4676
2975
5152
4426
2770
2419
3891
3279
7772
6984
4644
6818
735
1880
5373
4550
9306
1090
7637
2919
3305
3121
165
1120
7213
9455
8511
1600
5612
7623
3279
8163
1319
4031
442
3435
2409
4857
840
8067
7
4279
1251
72
6242
5411
2901
9555
1762
3702
1019
5602
2249
1426
3634
2093
4486
5739
1358
2527
2952
3794
6682
5036
3081
1447
3969
1645
2956
9675
2767
7074
5061
8804
6253
8168
4816
1508
8704
1646
1939
7228
9178
179
1916
8732
6032
9779
4519
1735
1291
9860
4875
9540
5582
5278
7572
6088
2273
5731
2548
9203
6010
9355
7764
9615
2280
4805
5648
3498
6575
8333
1360
5277
2699
1488
3850
8819
5768
2288
6477
1487
4456
6724
6195
5756
6169
4190
3328
687
8728
9206
5386
6114
3772
8094
2194
6817
1286
8383
7469
48
5937
6936
3931
6688
2917
3703
2475
1332
4269
7831
9745
170
7434
9938
1265
1179
3978
5113
8511
7257
7922
5278
7409
3757
3542
2767
4041
2848
7212
8792
7920
5520
1015
5490
6554
8691
3607
7692
3225
8561
7685
5109
9931
5998
7385
5476
8106
7002
5296
4132
1582
64
8787
7376
2561
7409
9931
1248
9379
476
2434
3658
8675
6872
179
3479
5127
4517
8931
7917
1099
4419
3794
7867
5516
1312
870
5813
8598
883
7639
9985
7893
5521
8970
8434
400
4083
2567
6655
3539
1086
3368
6469
9296
9282
4421
7637
8561
5178
6189
9955
1194
4644
340
3771
3062
3501
8947
1001
3607
737
2412
6312
1269
5833
2049
6239
8444
5612
1251
6366
2682
701
9075
1729
7947
8542
8124
7922
1970
9008
7257
4455
640
4603
1384
1919
5277
194
895
3772
5785
2635
2366
9767
2632
3494
9191
7102
1970
1101
634
695
7280
7438
6292
6517
8370
8675
9879
1650
8626
9593
1358
4857
4123
9437
608
132
8374
1265
2163
1307
6428
8691
6541
5993
8104
5714
7676
6481
2439
5241
9373
582
7685
2545
5105
3560
4446
9954
7863
4083
2249
1358
4663
607
340
2475
2546
5716
194
2103
3180
4295
3306
8030
8091
5528
1779
5890
8333
5112
5302
2802
9053
9294
2514
9185
5036
7699
653
5244
9731
7374
159
7742
9487
2129
8164
3375
1600
8580
257
5172
3063
7694
883
380
1339
886
9273
8053
4796
753
9694
4644
1895
5707
4442
9492
6096
5071
4383
404
8091
2103
4745
2356
110
124
7563
9878
1916
6503
9292
4354
5969
7296
2426
7822
2643
5785
2751
1898
4669
3804
3306
1332
7232
5109
6239
7323
7764
3844
9294
7222
9197
3206
3868
5520
1970
3326
640
4431
79
9748
3792
6967
6627
2876
7793
3759
6968
665
5138
698
9888
8164
1646
7572
4271
4303
6439
6579
8022
8728
7901
6677
9305
2227
6317
5128
4099
7444
8142
2052
7863
5707
3259
1338
6606
7867
1360
2860
7440
1120
8483
9747
4399
983
9969
7774
1269
3154
5212
9913
9424
7685
5649
5989
5067
5313
8422
4572
4327
7649
3225
5493
2486
3192
5828
7953
1294
5151
4472
6644
2009
5896
8030
6507
2081
8330
7772
8383
5455
111
3932
8618
8370
5989
3225
8000
1965
7866
3970
9551
7837
7895
1019
2560
8122
257
4530
7108
3910
5517
608
4352
689
5259
5157
9748
1237
6287
1476
1622
719
4036
2725
9378
4916
7183
8149
4634
3192
5739
7591
2486
3279
9620
2876
5266
1779
5650
3733
1457
459
6688
7003
3430
5690
5649
9043
2080
5000
3715
3066
2582
779
6507
5531
6477
6561
4383
9657
8168
8363
3228
6999
6871
5345
9422
4899
8422
7689
8693
5637
2844
6599
2397
6744
8793
9331
9244
3494
2254
3394
459
2801
9383
5391
8122
6312
3710
2015
1005
536
2104
683
5416
2504
780
4251
9379
3365
985
4625
6070
2126
9860
9593
9237
3968
1778
4456
7269
4792
7032
7088
8145
9355
3205
9042
1343
241
4625
7589
7644
8806
868
8922
4084
3747
8794
5552
557
4421
1179
4035
9347
5200
3363
1505
9660
4325
5998
7056
429
3664
2738
8468
7408
5949
9278
1333
6698
9766
1121
3501
619
735
5702
8107
3016
4502
7006
8725
6235
2533
400
6451
2640
6609
6615
689
2288
7973
9243
8149
2529
2439
6941
9151
2129
8197
5663
4025
4200
704
3306
8077
9230
690
7876
1235
3539
2939
8870
7642
9042
2835
5109
4368
1622
2700
2009
4937
3771
7952
8557
1581
4564
8977
1294
1120
5142
697
8142
5221
6757
6541
3016
1013
6321
5032
7003
5151
8923
3782
6640
663
8843
3081
1543
7311
7682
4270
8908
4033
5745
8875
4270
5739
2666
7346
6035
8470
2548
3592
4676
7223
7866
3905
8370
2956
8422
6197
8728
9035
6517
8131
4768
1307
5061
6598
9733
3369
8562
9203
3850
8817
848
8607
9540
4390
3280
9330
881
260
8370
5612
4251
9973
3389
1332
4472
5618
5629
9032
5721
6189
1312
8866
744
7771
1730
5937
1588
2635
6831
9170
5373
7078
2398
5798
3640
7639
5883
5313
4979
9699
6024
9456
1276
9075
1916
4471
8292
6386
1169
5883
2296
8422
7918
380
6698
2433
4231
6080
4616
2597
3074
6517
8908
5810
9347
4535
7823
999
3341
8561
4243
698
9053
6514
1780
1332
2339
6744
3428
338
2256
6080
3244
4444
7723
7223
1735
952
6169
6271
7725
3542
2180
334
9256
9985
6492
8920
6261
5109
2310
7400
3968
4041
6234
1011
1048
9461
7776
7699
4099
173
2265
8452
6751
5416
4025
1970
731
7742
883
9899
7637
9898
634
3961
2901
4314
6173
4303
8364
4032
5969
4773
4535
983
3081
885
7682
857
4466
3537
848
2029
3479
9492
2561
9698
7693
8422
2561
5785
7551
482
3487
8942
6994
5486
6514
634
7677
2613
6688
3298
894
3831
4269
3596
22
1727
1056
1776
2230
5940
2635
5142
4303
9748
7720
2163
4352
170
3831
5313
1588
8877
3210
5956
5810
1005
7933
8561
3910
3337
7453
2341
6477
7469
9867
3063
4476
5798
7385
5885
1697
1527
4015
1645
2246
5309
2651
5890
7536
4915
6312
2959
7081
2104
2699
9984
4015
4013
7990
1299
8355
5938
3301
3277
2905
1343
8039
9984
3279
9766
3244
1307
3498
2814
5813
4576
9246
3679
4720
4899
1086
2765
1588
281
1211
4383
7074
8292
3299
4616
763
7685
2616
2288
1130
261
4513
1184
1291
1916
7837
9315
5768
2905
9378
6242
5869
5278
2037
9974
9888
5172
8008
5998
3470
1593
8804
202
8416
8292
1358
258
8819
5739
9355
5486
8991
4015
4612
8691
5409
7800
7104
5933
8671
6883
4830
2504
8122
3225
5582
1544
1294
5127
4483
55
848
170
3346
5987
2010
7311
5064
7555
5740
5315
2561
8895
2073
9109
3596
7639
6961
3368
4196
3711
7774
5516
868
241
7720
2725
6606
2561
3150
6665
8920
2873
3150
1666
6503
9563
9985
8728
5280
4380
5853
9225
2666
5266
2616
9228
194
8447
9482
7344
579
5664
2346
690
2868
6712
4830
334
7795
3596
7893
8877
1121
8884
2561
6100
5128
763
7073
1778
9779
994
9330
4442
5170
9747
258
3664
9938
2561
4527
8142
6516
1024
2384
6940
2325
2597
6644
4527
6896
2568
7642
1488
9675
1971
5930
9898
7800
9328
628
2673
753
3081
399
7644
5368
6579
8419
1228
5702
3807
5416
2582
5172
6234
8292
8419
1738
1452
1198
5581
496
8871
5211
7379
3365
7013
9898
7797
5211
9225
1299
7797
4348
5833
7687
306
5095
9487
2767
868
1602
6925
5690
9928
3016
1211
179
55
933
904
2240
3607
3944
1622
1903
7555
