166 190
2 1
3 2
4 3
5 3
6 2
7 1
8 4
9 7
10 8
11 1
12 4
13 12
14 1
15 7
16 1
17 13
18 16
19 16
20 15
21 8
22 3
23 8
24 22
25 17
26 20
27 5
28 5
29 22
30 1
31 22
32 25
33 6
34 3
35 29
36 21
37 3
38 4
39 17
40 39
41 14
42 19
43 10
44 19
45 14
46 21
47 41
48 30
49 25
50 36
51 6
52 5
53 43
54 3
55 33
56 11
57 38
58 57
59 5
60 7
61 6
62 25
63 50
64 56
65 48
66 34
67 60
68 14
69 61
70 13
71 69
72 28
73 65
74 12
75 48
76 65
77 28
78 13
79 3
80 28
81 32
82 18
83 24
84 21
85 32
86 15
87 27
88 5
89 36
90 3
91 59
92 62
93 42
94 4
95 33
96 18
97 32
98 37
99 51
100 51
101 33
102 38
103 57
104 102
105 42
106 63
107 7
108 58
109 29
110 40
111 109
112 81
113 26
114 50
115 26
116 111
117 110
118 17
119 27
120 41
121 41
122 8
123 35
124 37
125 32
126 42
127 26
128 59
129 69
130 19
131 126
132 89
133 16
134 4
135 33
136 26
137 75
138 42
139 30
140 122
141 98
142 138
143 63
144 62
145 47
146 40
147 80
148 97
149 58
150 38
151 106
152 73
153 45
154 151
155 52
156 96
157 95
158 129
159 98
160 62
161 134
162 147
163 48
164 40
165 142
166 36
140 114
133 102
143 80
53 92
107 96
42 44
98 84
59 76
88 29
49 153
134 31
49 47
126 104
165 20
44 78
79 33
60 6
97 67
23 136
115 34
135 115
162 77
30 2
125 33
40 105
160 153
95 118
25 161
35 23
130 85
122 23
70 46
28 42
113 158
141 40
41 90
85 108
165 34
102 163
133 13
37 139
7 99
47 86
6 96
68 110
16 55
107 100
148 97
116 6
142 74
143 66
161 144
123 122
16 24
159 66
136 58
4 96
17 1
56 153
64 23
149 53
92 29
78 18
99 111
28 165
35 104
10 16
146 133
75 48
153 35
160 105
139 159
92 106
102 110
155 117
2 30
45 15
70 74
51 145
147 61
131 106
138 16
41 145
137 110
67 2
127 126
97 160
117 43
103 103
108 90
78 160
115 48
9 91
23 135
141 44
6 115
135 22
92 157
66 157
90 45
146 85
15 162
40 76
56 101
78 5
130 66
50 45
162 139
138 141
122 82
77 116
20 100
57 125
156 100
11 22
127 28
97 137
111 99
123 115
164 23
128 20
88 29
120 88
8 44
107 133
137 50
3 74
112 136
140 89
155 77
106 53
10 78
59 152
103 152
61 35
82 149
110 18
154 62
138 147
151 160
53 161
149 162
155 10
77 150
40 91
11 151
13 63
34 129
45 35
49 141
59 4
166 4
147 43
143 119
74 53
118 139
159 106
150 103
56 97
112 33
135 18
50 163
148 117
141 60
12 37
103 133
27 53
90 162
55 46
137 55
8 9
108 66
11 82
43 52
75 44
155 50
101 20
128 152
33 104
45 62
119 154
120 1
135 96
17 129
74 16
158 165
74 4
87 132
66 132
163 74
