0
0
0
0
0
25
8
8
0
0
4
0
4
0
0
0
2
9
0
0
0
0
20
0
33
0
4
95
5
0
5
0
23
0
0
9
0
0
5
0
14
29
3
44
0
41
0
0
0
5
0
0
0
41
0
0
355
37
2
0
0
0
0
0
23
5
11
0
3
0
0
0
0
5
0
529
2
0
6
6
0
9
9
0
0
0
9
0
0
0
0
0
0
0
0
44
0
0
0
0
0
23
33
2
0
0
49
0
9
5
0
19
22
0
3
0
9
6
0
0
0
0
0
121
0
0
483
0
0
0
19
11
8
0
16
0
9
0
9
10
0
0
0
0
33
3
168
3
2
0
8
0
6
0
0
0
0
0
2
0
0
49
0
0
176
0
8
0
0
0
121
0
3
6
3
0
0
0
16
2
0
0
0
153
0
0
0
0
0
0
